105 5368 536800
105 5368 536801
105 5368 536802
105 6133 613300
105 6133 613301
105 6133 613302
107 7260 726000
107 7260 726001
107 7262 726200
107 7262 726201
107 5369 536900
107 5369 536901
107 5369 536902
111 7921 792100
111 7921 792101
111 7921 792102
111 7921 792103
111 5370 537000
111 5370 537001
111 5370 537002
112 7557 755700
112 7557 755701
112 7557 755702
112 8569 856900
112 8569 856901
112 8569 856902
112 8569 856903
112 8569 856904
116 5376 537600
116 5376 537601
116 5376 537602
116 5376 537603
116 8301 830100
116 8301 830101
116 8301 830102
117 5364 536400
117 5364 536401
117 5364 536402
117 5364 536403
117 7982 798200
117 7982 798201
122 7217 721700
122 7217 721701
122 7217 721702
122 8300 830000
122 8300 830001
122 8300 830002
519 7771 777100
519 7771 777101
519 5192 519200
519 5192 519201
541 5317 531700
541 5317 531701
541 5314 531400
541 5314 531401
541 5314 531402
541 7326 732600
541 7326 732601
301 11457 1145700
301 11457 1145701
301 10318 1031800
301 12364 1236400
301 12364 1236401
304 9397 939700
304 9397 939701
304 9397 939702
304 9399 939900
304 9399 939901
304 9399 939902
304 9401 940100
304 9401 940101
311 9678 967800
311 9678 967801
311 9678 967802
311 9682 968200
311 9682 968201
311 9684 968400
311 9684 968401
325 6719 671900
325 6826 682600
221 7573 757300
221 7573 757301
221 7573 757302
221 5382 538200
221 5382 538201
221 5382 538202
202 7352 735200
202 7352 735201
202 7352 735202
202 7352 735203
202 7834 783400
202 7834 783401
202 7834 783402
126 7547 754700
126 7547 754701
126 8308 830800
126 8308 830801
313 10469 1046900
313 10469 1046901
208 6056 605600
208 6056 605601
208 6056 605602
208 7293 729300
208 7293 729301
208 7293 729302
208 6649 664900
208 6649 664901
208 6649 664902
208 6649 664903
203 7532 753200
203 7532 753201
203 7297 729700
203 7297 729701
203 7297 729702
203 7297 729703
203 7533 753300
203 7533 753301
203 7533 753302
203 7533 753303
204 7303 730300
204 7303 730301
204 7303 730302
204 7303 730303
204 7500 750000
204 7500 750001
204 7500 750002
204 7500 750003
204 7500 750004
205 7516 751600
205 7516 751601
205 7516 751602
205 7516 751603
205 7516 751604
205 7287 728700
205 7287 728701
205 7287 728702
205 7287 728703
207 7281 728100
207 7866 786600
207 7866 786601
207 7866 786602
207 7866 786603
207 7283 728300
207 7283 728301
207 7288 728800
207 7288 728801
207 7288 728802
115 5362 536200
115 5362 536201
115 5362 536202
115 5362 536203
115 8302 830200
115 8302 830201
115 8302 830202
115 8303 830300
115 8303 830301
115 8303 830302
123 7250 725000
123 7250 725001
123 7250 725002
123 7250 725003
123 7183 718300
123 7183 718301
131 7145 714500
131 7145 714501
131 7145 714502
131 7145 714503
131 7145 714504
131 7145 714505
131 8298 829800
131 8298 829801
131 8298 829802
135 7234 723400
135 7234 723401
135 7234 723402
135 7234 723403
502 7174 717400
502 7174 717401
502 7174 717402
502 7174 717403
502 7193 719300
502 7193 719301
502 7193 719302
502 7193 719303
502 7193 719304
502 7343 734300
502 7343 734301
502 7343 734302
502 7343 734303
502 7343 734304
302 8948 894800
302 8948 894801
302 8948 894802
302 10696 1069600
302 10696 1069601
302 10696 1069602
302 10696 1069603
302 10696 1069604
302 9077 907700
302 9077 907701
302 9077 907702
302 9077 907703
312 9076 907600
312 9076 907601
312 9076 907602
312 9076 907603
312 9078 907800
312 9078 907801
312 9078 907802
312 9078 907803
312 9078 907804
312 9081 908100
312 9081 908101
312 9081 908102
312 9081 908103
312 9081 908104
312 9081 908105
212 7919 791900
212 7919 791901
212 7919 791902
212 7919 791903
212 8307 830700
212 7470 747000
212 7470 747001
212 7470 747002
212 7470 747003
212 5385 538500
214 7484 748400
214 7484 748401
214 7484 748402
214 7484 748403
214 7484 748404
214 7484 748405
214 7486 748600
214 7486 748601
214 7486 748602
214 7486 748603
214 7486 748604
214 7488 748800
214 7488 748801
214 7488 748802
214 7488 748803
214 7488 748804
201 7401 740100
201 7401 740101
201 7401 740102
201 7403 740300
201 7403 740301
201 7403 740302
201 7403 740303
314 9458 945800
314 9458 945801
314 9458 945802
314 9458 945803
314 9458 945804
314 9458 945805
314 9460 946000
314 9460 946001
314 9460 946002
314 9461 946100
314 9461 946101
314 9461 946102
314 11571 1157100
314 11571 1157101
503 7349 734900
503 7349 734901
503 7349 734902
503 7349 734903
503 7610 761000
503 7610 761001
503 7610 761002
505 7083 708300
505 7083 708301
505 7083 708302
505 7087 708700
505 7087 708701
505 7087 708702
505 7087 708703
505 7088 708800
505 7088 708801
505 7088 708802
505 7088 708803
505 7088 708804
511 5275 527500
511 5275 527501
511 5275 527502
511 5275 527503
511 7123 712300
511 7123 712301
511 7123 712302
511 7123 712303
514 5242 524200
514 5242 524201
514 5242 524202
514 5242 524203
514 7085 708500
514 7085 708501
514 7085 708502
514 7085 708503
514 7105 710500
514 7105 710501
514 7105 710502
218 7358 735800
218 7358 735801
218 7358 735802
218 7360 736000
218 7360 736001
218 7360 736002
218 7360 736003
218 7360 736004
218 7360 736005
219 7045 704500
219 7045 704501
219 7045 704502
219 7045 704503
219 7372 737200
219 7372 737201
219 7372 737202
219 7372 737203
219 7373 737300
219 7373 737301
219 7373 737302
543 5328 532800
543 5328 532801
543 5328 532802
543 5295 529500
543 5295 529501
543 5330 533000
543 5330 533001
543 5330 533002
543 5330 533003
543 5330 533004
326 6784 678400
326 6784 678401
326 6784 678402
326 5986 598600
326 5986 598601
326 5986 598602
326 5492 549200
326 5492 549201
531 7110 711000
531 7104 710400
317 6745 674500
317 6745 674501
317 6745 674502
317 6520 652000
317 6520 652001
317 6520 652002
317 6520 652003
317 8310 831000
317 8310 831001
317 8310 831002
130 7189 718900
130 7189 718901
130 7189 718902
130 7189 718903
130 7192 719200
130 7192 719201
130 7192 719202
130 7192 719203
130 7192 719204
130 7315 731500
130 7315 731501
520 7330 733000
520 7330 733001
520 7330 733002
520 7330 733003
520 5355 535500
520 5355 535501
520 8478 847800
520 8478 847801
307 10907 1090700
307 10907 1090701
307 10907 1090702
307 10907 1090703
307 10315 1031500
307 10315 1031501
307 10315 1031502
307 12375 1237500
307 12377 1237700
307 12377 1237701
211 7477 747700
211 7477 747701
211 7477 747702
211 7477 747703
211 7477 747704
211 5521 552100
211 5521 552101
211 5521 552102
211 5521 552103
211 5523 552300
211 5523 552301
211 5523 552302
211 5523 552303
211 5523 552304
211 5523 552305
211 5524 552400
211 5524 552401
211 5524 552402
211 5524 552403
114 7634 763400
114 7634 763401
114 7634 763402
114 7634 763403
114 7186 718600
114 7186 718601
114 7186 718602
114 7187 718700
114 7187 718701
114 7187 718702
114 7554 755400
114 7554 755401
114 7554 755402
114 7554 755403
114 7554 755404
114 7207 720700
114 7207 720701
114 7207 720702
114 7207 720703
114 7188 718800
114 7188 718801
114 7188 718802
114 7188 718803
305 8985 898500
305 8985 898501
305 8985 898502
305 8987 898700
305 8987 898701
305 8987 898702
305 8987 898703
305 10823 1082300
305 10823 1082301
305 10823 1082302
305 10823 1082303
305 10823 1082304
305 10438 1043800
305 10438 1043801
305 10438 1043802
305 10438 1043803
305 10438 1043804
324 5705 570500
324 5705 570501
324 5705 570502
324 5707 570700
324 5707 570701
324 5707 570702
324 5707 570703
324 5707 570704
324 4669 466900
324 4669 466901
324 4669 466902
324 7024 702400
324 7024 702401
324 7024 702402
215 7520 752000
215 7520 752001
215 7520 752002
215 7520 752003
215 7520 752004
215 7497 749700
215 7497 749701
215 7497 749702
215 7497 749703
215 7522 752200
215 7522 752201
215 7522 752202
215 7522 752203
215 7398 739800
215 7398 739801
215 7398 739802
215 7398 739803
215 7398 739804
322 7435 743500
322 7435 743501
322 7435 743502
322 7435 743503
322 7437 743700
322 7437 743701
322 7437 743702
322 5944 594400
322 5944 594401
322 5944 594402
322 5944 594403
322 7439 743900
322 7439 743901
322 7439 743902
322 7439 743903
801 6043 604300
801 6043 604301
801 8343 834300
801 8343 834301
801 8343 834302
803 6360 636000
803 6360 636001
803 6360 636002
803 6360 636003
809 6604 660400
809 6604 660401
809 6604 660402
809 6604 660403
809 8354 835400
809 8355 835500
809 8355 835501
720 5693 569300
720 5693 569301
720 5693 569302
720 5695 569500
720 5695 569501
720 5695 569502
720 5695 569503
447 4956 495600
447 4956 495601
447 5030 503000
447 5030 503001
447 8573 857300
812 6217 621700
812 6217 621701
812 6217 621702
815 6013 601300
815 6013 601301
815 6013 601302
817 8339 833900
817 8339 833901
403 10587 1058700
403 10587 1058701
403 10587 1058702
403 10587 1058703
403 10587 1058704
403 8607 860700
403 8607 860701
429 8834 883400
429 8834 883401
429 8838 883800
429 8838 883801
429 8838 883802
429 11400 1140000
429 11400 1140001
429 11400 1140002
621 5941 594100
621 5941 594101
621 5941 594102
621 5941 594103
621 5941 594104
621 5053 505300
621 5053 505301
621 5053 505302
623 6227 622700
623 6227 622701
623 6227 622702
623 6227 622703
623 6420 642000
623 6420 642001
623 6420 642002
623 6420 642003
431 5181 518100
431 5181 518101
431 5181 518102
431 4673 467300
431 4699 469900
421 5278 527800
421 5278 527801
421 5278 527802
421 5278 527803
421 5278 527804
421 7443 744300
421 7443 744301
421 7443 744302
422 5282 528200
422 5282 528201
422 5282 528202
422 7927 792700
723 6917 691700
723 6917 691701
723 8321 832100
723 8321 832101
722 6147 614700
722 6147 614701
722 6147 614702
722 5090 509000
722 5090 509001
722 5090 509002
722 4921 492100
722 4921 492101
409 7091 709100
409 7091 709101
409 7091 709102
409 7091 709103
409 7091 709104
410 7092 709200
410 7092 709201
410 7092 709202
410 7092 709203
410 7092 709204
442 7916 791600
442 7916 791601
442 8366 836600
442 8366 836601
442 8364 836400
715 6449 644900
715 6449 644901
715 6449 644902
715 6449 644903
715 8327 832700
451 4968 496800
451 4968 496801
451 4968 496802
451 4970 497000
451 4970 497001
413 7113 711300
413 7113 711301
413 7113 711302
413 5273 527300
625 7328 732800
625 7328 732801
625 7328 732802
625 7328 732803
625 5342 534200
625 5342 534201
625 5342 534202
625 5342 534203
719 5953 595300
719 5953 595301
719 5953 595302
719 7905 790500
719 7905 790501
719 7905 790502
719 5841 584100
814 6675 667500
814 6675 667501
814 6675 667502
814 6675 667503
814 6677 667700
814 6677 667701
814 6677 667702
814 6677 667703
814 6678 667800
814 6678 667801
814 6678 667802
814 6889 688900
814 6889 688901
814 6676 667600
814 6676 667601
814 6676 667602
401 10874 1087400
401 10874 1087401
401 10874 1087402
401 10877 1087700
401 10877 1087701
401 10877 1087702
401 10877 1087703
401 8851 885100
401 8851 885101
401 8851 885102
401 8851 885103
401 8851 885104
402 10892 1089200
402 10892 1089201
402 10892 1089202
402 10892 1089203
402 12178 1217800
402 12178 1217801
402 12178 1217802
402 12178 1217803
427 9616 961600
427 9616 961601
427 9616 961602
427 9616 961603
427 8827 882700
427 8827 882701
427 8827 882702
427 8827 882703
427 8827 882704
427 8827 882705
427 9618 961800
427 9618 961801
427 9618 961802
427 9618 961803
427 9618 961804
428 9028 902800
428 9028 902801
428 9028 902802
428 9028 902803
428 9028 902804
428 12181 1218100
428 12181 1218101
428 12180 1218000
428 12180 1218001
611 6162 616200
611 6162 616201
611 6162 616202
611 6164 616400
611 6164 616401
611 6164 616402
611 6161 616100
622 6226 622600
622 6226 622601
622 6226 622602
622 6226 622603
622 6226 622604
622 6231 623100
622 6231 623101
622 6231 623102
622 6231 623103
622 6231 623104
624 6247 624700
624 6247 624701
624 6247 624702
624 6247 624703
624 6247 624704
624 6019 601900
624 6019 601901
624 6019 601902
624 6248 624800
624 6248 624801
624 6248 624802
624 6248 624803
624 6248 624804
624 6248 624805
522 7096 709600
522 7096 709601
522 7096 709602
522 7097 709700
522 7097 709701
522 7097 709702
522 7097 709703
522 7056 705600
522 7056 705601
522 7056 705602
522 7056 705603
525 7079 707900
525 7079 707901
525 7079 707902
525 7079 707903
525 7048 704800
525 7048 704801
525 7048 704802
525 7048 704803
525 5239 523900
525 5239 523901
525 4668 466800
527 7032 703200
527 7032 703201
527 7032 703202
527 7033 703300
527 7033 703301
527 7033 703302
527 7033 703303
527 7033 703304
527 7026 702600
527 7026 702601
527 7026 702602
527 7034 703400
527 7034 703401
419 4686 468600
419 4686 468601
419 4688 468800
419 4688 468801
419 4688 468802
407 5257 525700
407 5257 525701
407 5257 525702
407 5257 525703
407 5257 525704
407 7103 710300
407 7103 710301
407 7103 710302
407 7103 710303
408 7983 798300
408 7983 798301
408 7983 798302
408 7983 798303
408 7074 707400
408 7074 707401
408 7074 707402
408 7074 707403
435 5281 528100
435 5281 528101
435 5281 528102
435 7065 706500
435 7065 706501
435 7065 706502
435 7065 706503
435 7915 791500
435 7915 791501
435 7915 791502
441 5289 528900
441 5289 528901
441 7718 771800
441 7718 771801
441 7718 771802
441 5634 563400
441 5634 563401
612 6158 615800
612 6158 615801
612 6158 615802
612 6158 615803
612 6158 615804
612 6158 615805
612 6158 615806
612 5738 573800
612 5738 573801
612 5738 573802
612 5738 573803
612 5738 573804
612 7676 767600
612 7676 767601
612 6160 616000
612 6160 616001
832 5396 539600
832 5396 539601
832 5396 539602
832 5396 539603
832 5396 539604
832 4641 464100
832 4641 464101
832 4642 464200
832 4642 464201
832 5945 594500
832 5945 594501
832 5945 594502
832 5945 594503
832 5945 594504
832 5398 539800
832 5398 539801
452 7922 792200
452 7922 792201
452 7922 792202
452 4969 496900
452 4969 496901
452 4969 496902
452 5057 505700
452 5057 505701
446 5805 580500
446 5805 580501
446 5805 580502
446 5807 580700
446 5807 580701
446 5807 580702
446 5807 580703
446 5807 580704
446 5031 503100
446 5031 503101
446 5031 503102
446 5031 503103
415 7000 700000
415 7000 700001
415 7000 700002
415 7000 700003
415 7000 700004
415 7000 700005
415 7000 700006
415 7000 700007
415 7000 700008
415 7001 700100
415 7001 700101
415 7001 700102
405 9994 999400
405 9994 999401
405 9994 999402
405 9994 999403
405 9994 999404
405 9994 999405
405 9994 999406
405 11683 1168300
405 11683 1168301
405 11683 1168302
405 11683 1168303
405 11683 1168304
405 9996 999600
405 9996 999601
405 9996 999602
405 9996 999603
405 9996 999604
405 9996 999605
445 5448 544800
445 5448 544801
445 5448 544802
445 5448 544803
445 5448 544804
445 5448 544805
445 5450 545000
445 5450 545001
445 5450 545002
445 5450 545003
445 4945 494500
445 4945 494501
445 4945 494502
445 4945 494503
604 5405 540500
604 5405 540501
604 5405 540502
604 5405 540503
604 4926 492600
604 4926 492601
712 5402 540200
712 5402 540201
712 5402 540202
712 5402 540203
712 5402 540204
712 5403 540300
712 5403 540301
712 5403 540302
712 5403 540303
712 4923 492300
712 4923 492301
712 4923 492302
712 4923 492303
712 4925 492500
712 4925 492501
712 4925 492502
712 4925 492503
714 6468 646800
714 6468 646801
714 6468 646802
714 6468 646803
714 6468 646804
714 6647 664700
714 6647 664701
714 6647 664702
714 6647 664703
714 6536 653600
714 6536 653601
714 6536 653602
714 6536 653603
714 6077 607700
714 6077 607701
714 6077 607702
714 6077 607703
3316 11343 1134300
3316 11343 1134301
3316 10083 1008300
3316 10083 1008301
3441 10819 1081900
3441 10819 1081901
3441 10103 1010300
3441 10103 1010301
3461 11005 1100500
3461 11005 1100501
3461 11005 1100502
3321 9151 915100
3321 9155 915500
3321 9155 915501
3321 9157 915700
3321 9157 915701
3321 9157 915702
3321 9158 915800
3321 9158 915801
3213 9321 932100
3213 9321 932101
3213 9321 932102
3213 11126 1112600
3213 11126 1112601
3291 11134 1113400
3291 11134 1113401
3291 11046 1104600
3291 11046 1104601
3291 11046 1104602
3291 11046 1104603
3712 10338 1033800
3712 10338 1033801
3712 10338 1033802
3712 10338 1033803
3712 10338 1033804
3712 10338 1033805
3712 10342 1034200
3712 10342 1034201
3712 8639 863900
3712 8639 863901
3712 8639 863902
3714 9817 981700
3714 9817 981701
3714 9817 981702
3714 9817 981703
3714 9149 914900
3714 9149 914901
3714 9149 914902
3714 12195 1219500
3471 9829 982900
3471 9829 982901
3471 9829 982902
3471 10180 1018000
3471 10180 1018001
3471 10180 1018002
3471 10182 1018200
3471 10182 1018201
3471 10182 1018202
3471 10182 1018203
3471 10182 1018204
3471 10183 1018300
3471 10183 1018301
3471 10183 1018302
3471 10183 1018303
3315 9099 909900
3315 9099 909901
3315 9099 909902
3315 10513 1051300
3315 10513 1051301
3315 10513 1051302
3315 10513 1051303
3315 10515 1051500
3315 10515 1051501
3315 10515 1051502
3315 10516 1051600
3315 10516 1051601
3315 10516 1051602
3315 10516 1051603
3211 9706 970600
3211 9706 970601
3211 9706 970602
3211 9968 996800
3211 9968 996801
3211 9968 996802
3211 9968 996803
3211 9970 997000
3221 9484 948400
3221 9484 948401
3221 9484 948402
3221 11517 1151700
3221 11517 1151701
3221 11517 1151702
3221 10505 1050500
3221 10505 1050501
3221 10505 1050502
3221 10505 1050503
3221 10505 1050504
3231 9107 910700
3231 9107 910701
3231 9107 910702
3231 11447 1144700
3231 11447 1144701
3231 11447 1144702
3231 9977 997700
3231 9977 997701
3231 9977 997702
3262 10348 1034800
3262 10348 1034801
3262 10348 1034802
3262 10352 1035200
3262 10352 1035201
3262 10352 1035202
3281 9914 991400
3281 9914 991401
3281 9914 991402
3281 9914 991403
3281 9917 991700
3281 9917 991701
3281 9917 991702
3281 9917 991703
3281 11439 1143900
3281 11439 1143901
3281 11439 1143902
3411 8966 896600
3411 8966 896601
3411 8966 896602
3411 12404 1240400
3411 12404 1240401
3411 12404 1240402
3411 12404 1240403
3411 12409 1240900
3411 12409 1240901
3411 12409 1240902
3411 12406 1240600
3421 9185 918500
3421 9185 918501
3421 9185 918502
3421 9185 918503
3421 9185 918504
3421 9189 918900
3421 9189 918901
3421 9189 918902
3421 9189 918903
3421 9190 919000
3421 9190 919001
3421 9190 919002
3421 9190 919003
3421 9190 919004
3421 8801 880100
3421 8801 880101
3421 8801 880102
3421 8801 880103
3432 9763 976300
3432 9763 976301
3432 9763 976302
3432 9763 976303
3432 9766 976600
3432 9766 976601
3432 9766 976602
3432 9766 976603
3432 9767 976700
3432 9767 976701
3432 9767 976702
3432 9767 976703
3432 9769 976900
3432 9769 976901
3432 9769 976902
3432 9769 976903
3432 9769 976904
3481 10751 1075100
3481 10751 1075101
3481 10751 1075102
3481 10751 1075103
3481 10753 1075300
3481 10753 1075301
3481 10753 1075302
3481 10753 1075303
3481 10756 1075600
3481 10756 1075601
3481 10756 1075602
3481 9855 985500
3481 9855 985501
3481 9855 985502
3481 9855 985503
3481 9855 985504
3222 10868 1086800
3222 10868 1086801
3222 10868 1086802
3222 10868 1086803
3222 10868 1086804
3222 9937 993700
3222 9937 993701
3222 9937 993702
3222 9937 993703
3222 9937 993704
3222 9933 993300
3222 9933 993301
3222 9933 993302
3222 9933 993303
3222 9933 993304
3222 10871 1087100
3222 10871 1087101
3222 10871 1087102
3222 10871 1087103
3222 10871 1087104
3271 9251 925100
3271 9251 925101
3271 9251 925102
3271 9251 925103
3271 9251 925104
3271 9240 924000
3271 9240 924001
3271 9240 924002
3271 9240 924003
3271 9240 924004
3271 9256 925600
3271 9256 925601
3271 9256 925602
3271 9256 925603
3271 9256 925604
3271 9257 925700
3271 9257 925701
3271 9257 925702
3271 9257 925703
3324 9611 961100
3324 9611 961101
3324 9611 961102
3324 9614 961400
3324 9614 961401
3324 12400 1240000
3324 12400 1240001
5113 17266 1726600
5113 17266 1726601
5113 17387 1738700
5113 17387 1738701
5113 17387 1738702
5212 18009 1800900
5212 18009 1800901
5212 18009 1800902
5212 17447 1744700
5212 17447 1744701
5212 17447 1744702
5212 17447 1744703
5213 19134 1913400
5213 17306 1730600
5213 17306 1730601
5103 19076 1907600
5103 19076 1907601
5103 19076 1907602
5103 17517 1751700
5103 17517 1751701
5103 17517 1751702
5103 17374 1737400
5103 17374 1737401
5103 17374 1737402
5103 17374 1737403
5103 17374 1737404
5104 17251 1725100
5104 17251 1725101
5104 17251 1725102
5104 17251 1725103
5104 17073 1707300
5104 17073 1707301
5104 17073 1707302
5104 17073 1707303
5203 17308 1730800
5203 17308 1730801
5203 17308 1730802
5203 17728 1772800
5203 17728 1772801
5203 17728 1772802
5203 17728 1772803
5203 17757 1775700
5203 17757 1775701
5203 17757 1775702
5204 17731 1773100
5204 17731 1773101
5204 17731 1773102
5204 17731 1773103
5204 17731 1773104
5204 17733 1773300
5204 17733 1773301
5204 17733 1773302
5204 17733 1773303
5204 17733 1773304
5204 16846 1684600
5204 16846 1684601
5204 16846 1684602
5204 16846 1684603
5613 10613 1061300
5613 10613 1061301
5613 10613 1061302
5613 10615 1061500
5613 10615 1061501
5613 12197 1219700
5613 12197 1219701
5613 12197 1219702
5621 12158 1215800
5621 12159 1215900
5621 12159 1215901
5621 12159 1215902
5621 11348 1134800
5621 11348 1134801
5622 10132 1013200
5622 10132 1013201
5622 10132 1013202
5622 12161 1216100
5622 12160 1216000
5622 12160 1216001
5622 12160 1216002
5631 11612 1161200
5631 11612 1161201
5631 11612 1161202
5631 8587 858700
5631 8587 858701
5631 11285 1128500
5631 8598 859800
5632 9042 904200
5632 9042 904201
5632 9042 904202
5632 9042 904203
5632 9042 904204
5632 9049 904900
5632 9049 904901
5632 9050 905000
5632 9050 905001
5632 9050 905002
5632 9050 905003
5205 17190 1719000
5205 17190 1719001
5205 17190 1719002
5205 17190 1719003
5205 17190 1719004
5205 17193 1719300
5205 17193 1719301
5205 17193 1719302
5205 17193 1719303
5205 17193 1719304
5205 17195 1719500
5205 17195 1719501
5205 17195 1719502
5205 17196 1719600
5205 17196 1719601
5205 17196 1719602
5205 17196 1719603
5611 9438 943800
5611 9438 943801
5611 9440 944000
5611 9440 944001
5611 10545 1054500
5611 10545 1054501
5611 10545 1054502
5611 10545 1054503
5611 9097 909700
5611 9097 909701
5611 9097 909702
5611 9097 909703
5635 11331 1133100
5635 11331 1133101
5635 11331 1133102
5635 11331 1133103
5635 12154 1215400
5635 12154 1215401
5635 12151 1215100
5635 12151 1215101
5635 12152 1215200
5635 12152 1215201
5635 12152 1215202
5635 11301 1130100
5635 11301 1130101
5635 11301 1130102
5641 5596 559600
5641 5596 559601
5641 5596 559602
5641 5971 597100
5641 5971 597101
5641 5971 597102
5641 5974 597400
5641 5974 597401
5641 5974 597402
6301 7869 786900
6301 7869 786901
6301 5630 563000
6301 5630 563001
6301 5435 543500
6301 5435 543501
6301 5435 543502
6301 7844 784400
6301 7844 784401
6412 6969 696900
6412 6969 696901
6412 6969 696902
6412 8287 828700
6412 8287 828701
6412 8287 828702
6412 8287 828703
6412 8287 828704
6305 6578 657800
6305 6578 657801
6305 6578 657802
6305 6578 657803
6305 6581 658100
6305 6581 658101
6305 6581 658102
6305 6581 658103
6305 6581 658104
6305 6582 658200
6305 6582 658201
6305 6582 658202
6305 6464 646400
6305 6464 646401
6305 6464 646402
7243 5062 506200
7243 5062 506201
7243 5062 506202
7243 6037 603700
7243 6037 603701
7243 6037 603702
7243 5065 506500
7243 5065 506501
7243 5065 506502
7243 6035 603500
7243 6035 603501
7243 6035 603502
7243 6035 603503
323 6169 616900
323 6169 616901
323 6169 616902
323 6171 617100
323 6171 617101
323 8311 831100
426 5131 513100
426 5131 513101
426 5131 513102
426 5131 513103
426 5131 513104
426 5131 513105
426 5131 513106
426 5131 513107
426 5131 513108
426 4672 467200
426 4672 467201
426 4672 467202
831 6116 611600
831 6116 611601
831 8359 835900
831 6366 636600
831 6366 636601
831 6366 636602
3242 10325 1032500
3242 10325 1032501
3242 10328 1032800
3242 10328 1032801
3242 10328 1032802
3242 10328 1032803
3242 10329 1032900
3242 10329 1032901
3242 10329 1032902
3242 10329 1032903
3242 10330 1033000
3242 10330 1033001
3242 10330 1033002
3242 10330 1033003
516 7375 737500
516 7375 737501
516 7375 737502
516 7375 737503
516 7375 737504
516 5309 530900
516 5309 530901
516 5309 530902
516 5309 530903
516 5309 530904
516 7377 737700
516 7377 737701
516 7377 737702
551 7196 719600
551 7196 719601
551 7196 719602
551 7196 719603
551 7196 719604
551 7201 720100
551 7201 720101
551 7201 720102
551 7202 720200
551 7202 720201
551 7202 720202
432 7925 792500
432 7925 792501
432 7925 792502
432 5158 515800
432 5158 515801
432 5158 515802
432 5158 515803
432 4644 464400
432 4644 464401
432 4644 464402
3261 11158 1115800
3261 11158 1115801
3261 11158 1115802
3261 11034 1103400
3261 11034 1103401
3713 9086 908600
3713 9086 908601
3713 9086 908602
3713 9086 908603
3713 9086 908604
3713 9086 908605
3713 9090 909000
3713 9090 909001
3713 9090 909002
3713 9090 909003
3713 12193 1219300
3713 12193 1219301
5634 8904 890400
5634 8904 890401
5634 8904 890402
5634 8904 890403
5634 8876 887600
5634 8876 887601
5634 8876 887602
5634 12167 1216700
118 7020 702000
118 7020 702001
118 7020 702002
118 7020 702003
118 7514 751400
118 7514 751401
118 7514 751402
118 7514 751403
118 7514 751404
813 5686 568600
813 5686 568601
813 5686 568602
813 5686 568603
813 5690 569000
813 5690 569001
813 5691 569100
813 5691 569101
5112 17635 1763500
5112 17635 1763501
5112 17635 1763502
5112 17386 1738600
5112 17386 1738601
5112 17386 1738602