234
183
181.833333333333
360
181
271.5
102
222
185
308
212.333333333333
250.375
184.555555555556
637
617
1085
1083
732
275
181
395
543.6
422.666666666667
183
180
184
180.5
180.416666666667
181
183.25
198.333333333333
211
264.333333333333
385.047619047619
567
461
241
182
183
189.285714285714
187
181
184
183
360
193
181
184.333333333333
183.666666666667
184.666666666667
74
91
271.5
246
360
406
468
655.333333333333
783.2
922
368
546
550.5
735.5
747.6
870.666666666667
996.25
635.5
577
488
445
493
587
189
182
363
368
621.5
543
899
867.5
1085.625
929.857142857143
817.5
723
486.222222222222
464
550
751.166666666667
940
1076.48148148148
984.842105263158
716.727272727273
686.583333333333
426.5
589
528.75
911
994
754
555
449
456.333333333333
560
727.2
937.8
537.5
1087.5
494.4
556.333333333333
783.8
877.5
981
821.5
723.666666666667
643.5
905.5
1213
1028
1444.8
1057
1084
431
512.666666666667
609
1214
853.545454545455
1088.25
725
720.75
735.5
436
481
549
727
807.333333333333
1012.5
917.285714285714
634.333333333333
681.75
375
181
272.5
179
183
185
184
187
194
273.6
297.857142857143
182.454545454545
248.6
273.875
184.666666666667
532
585
922
724
901.666666666667
494
554
532.333333333333
823.5
814
964
606.5
725
182
1514.33333333333
361
387
242.75
275
241.666666666667
201
132.5
96
300.333333333333
242.333333333333
257.411764705882
270.5
271
195
199
321.666666666667
478
556
229.333333333333
260
184
203.714285714286
246
540
472.857142857143
183
362
184
258.142857142857
366.3
631
397
711
362
304
334
385.571428571429
443.8
548.666666666667
359
720
372
31
906
186
549
566
628.333333333333
584.4
595.5
682
608
600.625
730
545.25
769
723
1266
1374
724.2
672.5
199
225.666666666667
364
365
376
362
356
551
548
359
361.333333333333
360
360
366
182
252
219.857142857143
205
368.222222222222
476.5
360
355.666666666667
364
181
182
312
344.5
367
447
487.285714285714
361
363.333333333333
390
183
540
270
368.333333333333
363.5
510.181818181818
509.666666666667
517
629.272727272727
596.6
344.5
373.571428571429
355.333333333333
365
690.714285714286
532
441.428571428571
507.2
305.333333333333
180
184
183
238
213
180.833333333333
187
182.166666666667
181.25
361
179
635
362
363
466
440
713.333333333333
721
989
703
602.5
181
269
360
361
344.5
368
495
426
545
1058.6
1296
723
728
462
697
834.8
546
366
524
654.714285714286
896.5
1020.5
1236.75
948.6
658.384615384615
817
192
182
362
542
183
182
327
225
315.5
180
181
122
81
180.666666666667
274
185
199.666666666667
284
238.666666666667
379
378
543.666666666667
719
1094
423
584
635.333333333333
759.75
1090
609
815.333333333333
362
454
283.5
182
301.666666666667
364
180
325.5
263.333333333333
483
514.692307692308
664.8
521.473684210526
547
566.8
338.571428571429
367.25
355
690
588.714285714286
705.8
727
543.5
433.5
362
323.5
361
801.2
391.5
544
481.384615384615
499
412
325
366
389.666666666667
575.307692307692
576.621621621622
746.85
912.5
460.611111111111
540.333333333333
273
372
487
423.5
745.666666666667
858.909090909091
620.8
544.25
631.5
278
361
376
361
314
387.222222222222
565
723
361
365
544.5
732
579
906
1501
1243
822
858.5
936.2
725
732
1642
902
966
640
720
730
900
1087
1354
1253.25
1476
316
264
363
365
360
668.5
638
675.625
898.833333333333
943.166666666667
1079.33333333333
821.333333333333
1079
854.666666666667
217
246
452
361
367
475.5
193
363
367
362
62
71
81
192.166666666667
182.222222222222
177.111111111111
221.444444444444
206
184
157
52.3333333333333
44.5
169.666666666667
182.666666666667
182.833333333333
182
180
196
278.5
232.6
418
421
182
294
228.333333333333
364.333333333333
373
621
720
728.5
661.666666666667
171.166666666667
177.612903225806
260.666666666667
312.9
272.25
293.916666666667
299.428571428571
243.888888888889
250.615384615385
136
147.285714285714
181
187
337.571428571429
183.333333333333
226
320.666666666667
72
190.416666666667
132
180.575757575758
182.382352941176
187
216.708333333333
182.483870967742
182.285714285714
694
735
1008
905.4
911
743.333333333333
640
1218.14285714286
1049.8
965
1627.2
1332
361
360
539
563
667
721.333333333333
911
663.666666666667
548.142857142857
423
528.125
542
807
1042.09090909091
818
210.6
179
240
363
546
302
369
731
385.333333333333
184
179
178.5
182
369
365
181
219.8125
183
182
183
366
293.875
513.833333333333
468
332.8
362.6
360.6
255
200.75
181
299.571428571429
541.5
363.166666666667
242.666666666667
243
201.5
287
305.666666666667
451.5
430.375
453.75
330.8
326.8
303.666666666667
487
563
682
721.5
1085
726
791
591
535.875
579
862.5
962.333333333333
1147.09090909091
809.5
685.7
721.6
374.6
363
456
425.666666666667
587
543
677.333333333333
726
867.2
1195
1084
782
727.4
184
253
345.5
259
436.333333333333
469.142857142857
538.6
600.5
426
377
545
448
358
415.666666666667
767.333333333333
667.181818181818
803.470588235294
690.8
427
369
520.5
901
912
1083
728
360
313
721
685
547
432
379
751.2
813
1116.33333333333
733
723
1079
43
545
2203
183
193
232
178
207
364
280
524
506.333333333333
649.818181818182
778.833333333333
978.875
1008.71428571429
529
542
180
187
184
189
296
372
362.5
360
446
749.333333333333
670.875
432.6
266
361
483.333333333333
617.4
549
560
543
183
169.5
187
212.333333333333
181.1875
188.666666666667
181.703703703704
192.133333333333
183.444444444444
181
179
183
182
181.285714285714
181.333333333333
245.266666666667
198.363636363636
206.2
512
1374
673
728.5
547
361
727
724
115.5
177
278
184
219.5
188.5
364
257
347
367.5
425.25
363.333333333333
362
362
188
182
254
184.666666666667
365
357.428571428571
262
314
311.333333333333
402.545454545455
548.75
369.4375
379.166666666667
177
186
298
361
409
294
457.75
480.333333333333
624
816.166666666667
568.470588235294
457.75
369
362
640.5
597
1079
662.666666666667
492.5
369
441
544
727
657
184
310
182
357
362
367
385
556.333333333333
557
1180
734
726
50
3
185
184.6
51
727
318
366
542.333333333333
938
605
521
184
182
174
299
224
182
301
361
504.2
375.4375
449.230769230769
508.888888888889
654.375
359
185
366
366
369
362.25
364.6
364.6
342.666666666667
341.375
369.428571428571
407.4
458.75
386.769230769231
398.5
450.666666666667
413.363636363636
549
381
622
783.75
184
183
184
181
361
367
272.5
500.5
184
180
181.666666666667
184
271
186.333333333333
181
319
368
343.5
423.25
836.375
473.8
360
372
361
443
407.8
415.5
599
715.6
839
682.666666666667
438
362
308.285714285714
360
446.714285714286
555.875
721.6
665.588235294118
472
424
367
361
543
363
420
435
354
321.25
401
362
365
373
541
539
894
744.333333333333
990
953.333333333333
724
860.75
113
174
165.5
201
179.666666666667
182
183
368
420.333333333333
302.666666666667
297
361
477
542
429
398
321
357.333333333333
536
396
416
389.75
332.833333333333
526.142857142857
517
801.6
678.111111111111
567
441.8
327.25
388
427
594
613
794.1
688
262
362
427.5
383
418.125
437
432.375
588.5
360
368.25
453
497
495
681.333333333333
1014.58333333333
578.5
543
546
383
355.75
391.333333333333
487.722222222222
563.272727272727
757.75
646.15
485.176470588235
489.333333333333
258
206
285.363636363636
359
427.8
481.1
425.785714285714
363.5
539
191
183
362
518.333333333333
710.363636363636
791.333333333333
366
362
551
510.428571428571
572.4
788.333333333333
545
363
317
432.2
483.888888888889
470.6
531.666666666667
422.666666666667
544
360
483.666666666667
541
887.6
1030.5
908
527.5
541.333333333333
539.666666666667
904
722
796
234
365
364
364
362
365
543
573.666666666667
561.2
712
902
899
810
606
926
741.5
700.666666666667
390
531
590.916666666667
743.5
1066
863.857142857143
1013.33333333333
596
723
75.8
2
359.5
183
4
945
578.5
355
724
914
1071.2
655.125
781.333333333333
520
482.5
547
544.5
527
905
1364
1275
938
727
395
543
548
858.5
782
742
596.75
563.888888888889
544.571428571429
582
494
610.875
773.357142857143
962.222222222222
981.333333333333
600.285714285714
602.333333333333
800
350.75
344.2
540
363
534.2
465.5
422.4
361
447
378.6
361
415
660
566.1
471.2
509.428571428571
546.5
212
172
367
403
415
777
694.5
609
733.333333333333
723
521
